p-value	FDR_BH	f-score	row_number	mz	retention_time	mock_6hr_01	mock_6hr_02	mock_6hr_03	yf_6hr_01	yf_6hr_02	yf_6hr_03
1.0005557785192237e-07	0.0007297747636488233	87.9800081984153	row_7124	578.1245	446.0	13.73	13.863140218797493	13.773269432026309	17.315953495487555	17.295040242871103	17.321546620123424
1.8255778953066248e-07	0.0007297747636488233	-75.69399577808508	row_1492	241.0082	93.0	15.8	15.822631693412106	15.924387011713616	10.173250226871595	10.276016163374546	10.390843550098106
3.717154905509063e-07	0.0009906217823181652	-63.35850516150697	row_1257	205.5373	93.0	15.53	15.665453232881521	15.720489610795388	10.173250226871595	10.276016163374546	10.390843550098106
7.049840890504622e-07	0.0014090869479896114	-53.98147555259755	row_2140	396.1284	73.0	15.97	16.15794574254402	15.822438311254501	10.265084983182371	10.276016163374546	10.390843550098106
1.2997439034115696e-06	0.0018012754862626148	-46.31655554221993	row_2098	384.088	105.0	18.83	19.14433649262511	19.237719776634826	9.754891892566945	10.276016163374546	9.9426928252694
1.4903920556687262e-06	0.0018012754862626148	44.75604221275545	row_7823	184.0885	58.0	9.97	10.447128343266138	10.164285435773673	16.46903296506595	16.54263384374739	16.466933609984963
1.7347389925167285e-06	0.0018012754862626148	-43.08635736501117	row_1831	307.0828	295.0	21.03	21.55440622076073	21.409227096413954	11.43852909159785	11.770522024647674	11.19334601083788
2.0234777836436626e-06	0.0018012754862626148	41.45648825125356	row_7870	305.1452	88.0	9.97	10.447128343266138	10.164285435773673	19.050610003580008	19.62440799906232	19.489345475108784
2.027702235942906e-06	0.0018012754862626148	41.43483715905821	row_7862	288.1171	89.0	9.97	10.447128343266138	10.164285435773673	17.193507153739855	17.552713667228538	17.415345609041058
2.2871617668795856e-06	0.0018285858326202286	40.203726070914094	row_7842	238.1063	302.0	9.97	10.447128343266138	10.164285435773673	17.009837641118303	17.068287629436558	16.758752686617605
3.0834931675999167e-06	0.0018795212754090288	37.3041924539117	row_7851	271.0885	101.0	9.7	10.164207114311086	9.970582904901354	16.407809794192097	16.57355465467028	16.810863236016292
3.1151292014689433e-06	0.0018795212754090288	-37.20888996567769	row_1828	306.0746	94.0	17.04	17.624944707496134	17.52498160892171	10.173250226871595	10.276016163374546	10.390843550098106
3.234873456177085e-06	0.0018795212754090288	-36.85882240960486	row_2447	574.2049	157.0	14.75	14.39754698460148	14.49710520528602	10.418142910367	10.276016163374546	10.390843550098106
3.291219243993296e-06	0.0018795212754090288	-36.699653024414765	row_6035	602.1696	510.0	14.79	15.089132210936048	15.251525588683464	9.244698801951518	9.420540394507858	9.494542100440697
3.843168905758743e-06	0.0020396809619922713	35.30087648986638	row_7931	244.0784	58.0	12.41	11.872213052076765	12.152285094726397	17.71390410616759	17.841307902508863	17.780119454831862
4.485004049362231e-06	0.0020396809619922713	-33.960222758824415	row_826	164.0383	107.0	18.1	18.002173012769536	17.91238667066634	16.12210166344746	16.099435553852597	16.070893434554943
5.113690211224975e-06	0.0020396809619922713	-32.86132764339554	row_1834	307.5834	295.0	18.36	19.14433649262511	19.094991595992063	10.173250226871595	10.276016163374546	10.390843550098106
5.301019888587325e-06	0.0020396809619922713	32.56617027195393	row_2452	577.128	447.0	15.12	14.879560930228601	14.833535916801097	18.377155123967643	18.23297150753217	18.217848069780832
5.856510048105779e-06	0.0020396809619922713	31.762301953074104	row_2449	576.1331	443.0	16.86	17.00670942940917	17.239525247636188	20.652616308112442	20.706636381363552	20.771264990316475
5.9767432842443315e-06	0.0020396809619922713	-31.600810299508552	row_2490	613.1556	295.0	18.46	19.291036389120322	19.237719776634826	10.173250226871595	10.276016163374546	10.390843550098106
6.267615608862765e-06	0.0020396809619922713	31.22635989958778	row_5558	174.0244	111.0	9.97	10.447128343266138	10.164285435773673	14.713968733348885	14.862603116936906	14.726441260068832
6.355442440004773e-06	0.0020396809619922713	31.117544658836945	row_7932	248.4397	37.0	10.59	10.447128343266138	10.164285435773673	17.642477073481427	18.325733940300847	18.217848069780832
6.383648285630863e-06	0.0020396809619922713	-31.08299618350748	row_982	177.1113	307.0	15.73	15.854067385518222	15.322889679004843	10.173250226871595	10.276016163374546	10.390843550098106
6.422643228752462e-06	0.0020396809619922713	31.035545254632396	row_7904	474.1164	340.0	9.2	9.43070763183503	8.665639539024696	16.38740207056748	16.625089339541766	16.62326525818102
6.445291618739567e-06	0.0020396809619922713	-31.00815049653968	row_2547	665.4393	41.0	17.23	17.33154491450571	17.229330377590276	15.315996580275087	15.377949965651778	15.19543620465701
6.902741191842857e-06	0.0020396809619922713	-30.47929125211272	row_2333	484.1131	295.0	18.02	18.840458135599317	18.77895062456881	10.173250226871595	10.276016163374546	10.390843550098106
7.079771026782643e-06	0.0020396809619922713	30.286252287575575	row_7858	278.9738	73.0	9.97	10.447128343266138	10.164285435773673	14.642541700662724	14.831682306014015	14.695174930429618
7.261448894042092e-06	0.0020396809619922713	30.0943149598067	row_6009	481.2078	87.0	15.55	15.298703491643492	15.496202469785336	17.86696203335222	17.861921776457457	17.94687321290766
7.398467529427876e-06	0.0020396809619922713	-29.95348365668661	row_2155	406.0702	105.0	16.18	16.39895271535758	16.55646895456012	10.173250226871595	9.781283188608269	10.390843550098106
7.908402827706274e-06	0.0021075893535837218	29.456643658255878	row_7236	176.1021	54.0	17.87	18.463229830325915	18.320181472502796	23.815813469928084	23.922400717344356	23.69987786652266
8.676428957723613e-06	0.0021127523975088495	28.7793283808767	row_290	122.0709	73.0	16.64	16.62948112413577	16.546274084514213	18.18328174953378	18.22266457055787	18.07193853146451
8.690809254986038e-06	0.0021127523975088495	-28.767368093692735	row_6242	221.0581	83.0	15.11	15.644496104810777	15.577761430152627	10.173250226871595	10.276016163374546	10.390843550098106
8.720553985965233e-06	0.0021127523975088495	28.742707255534146	row_5713	221.0424	90.0	9.97	10.447128343266138	10.164285435773673	15.418035198398172	15.852069066469461	15.560210050447816
9.402317517094374e-06	0.002210927310269692	-28.204692966491432	row_5087	427.0903	108.0	22.47	22.63369831640407	22.714170462290614	17.09146853561677	17.212584747076722	16.602421038421546
1.024547488656882e-05	0.0023403591919462204	-27.603056960631235	row_2088	381.0985	510.0	14.88	15.340617747784982	15.414643509418045	10.173250226871595	10.276016163374546	10.390843550098106
1.117717924222198e-05	0.002482265223376798	27.00628956092277	row_204	113.0203	103.0	9.97	10.447128343266138	10.164285435773673	14.489483773478096	14.666771314425255	14.392933743917236
1.1626014408605057e-05	0.0025121617620756063	-26.740562710373073	row_6875	226.0297	93.0	14.43	14.418504112672224	14.629638515882867	10.173250226871595	10.276016163374546	10.630552077332064
1.2001892648264102e-05	0.0025251350453387236	-26.52770010280443	row_894	169.5265	93.0	16.18	16.92288091712619	16.811340705707906	10.173250226871595	10.276016163374546	10.390843550098106
1.4078637080120581e-05	0.0028861206014247193	25.48510844836497	row_5342	113.029	180.0	9.97	10.447128343266138	10.164285435773673	13.958882959238053	14.151424465710383	14.153225216683278
1.486300513096097e-05	0.002930493661325092	-25.140237731812846	row_6199	163.5351	163.0	13.28	13.370647709134998	13.304305409914386	10.254881121370062	10.636758957474957	10.390843550098106
1.5028172622179958e-05	0.002930493661325092	25.070509065949445	row_7857	276.9721	72.0	9.97	10.447128343266138	10.164285435773673	14.19357178092115	14.388484016119225	14.111536777164327
1.599176870587529e-05	0.003005488999628658	24.681937649043476	row_7687	308.0626	117.0	10.68	11.348284850308152	11.09201860995161	16.040470768948992	16.284960419389954	16.237647192630742
1.632774876739851e-05	0.003005488999628658	-24.553272957952444	row_5906	334.0416	295.0	15.11	15.686410360952268	15.751074220933122	10.173250226871595	10.276016163374546	10.390843550098106
1.688077219001284e-05	0.003005488999628658	24.34852986605917	row_945	174.0574	179.0	15.15	14.973868006546953	14.93548461726021	17.41799211361064	17.635169163022915	17.394501389281587
1.6916448403163177e-05	0.003005488999628658	24.335609950634048	row_7890	349.1076	88.0	9.97	10.656699623973584	10.164285435773673	15.76496650001666	16.099435553852597	15.789496467802037
1.8051413971793125e-05	0.003123430865179366	-23.941503610075664	row_1331	215.5499	93.0	18.76	20.129321511950103	19.778047889068127	9.377349005511528	9.606065260045213	9.630029528877282
1.8361632353149494e-05	0.003123430865179366	23.839141502574503	row_7829	201.0504	61.0	9.97	10.447128343266138	10.643444327931508	15.132327067653534	15.171811226165829	15.11205932561911
1.89940093895334e-05	0.0031445402332065616	-23.637010203362443	row_2163	410.0664	93.0	14.76	14.565204009167434	14.945679487306121	10.173250226871595	9.678213818865295	9.609185309117807
1.9272354149733774e-05	0.0031445402332065616	-23.550686053477552	row_6318	424.0998	370.0	15.47	15.131046467077535	15.689905000657655	9.887542096126955	10.276016163374546	10.390843550098106
2.178748924554277e-05	0.003313166597171885	22.835102885103122	row_7994	272.0929	102.0	8.73	9.221136351127585	9.226357391549824	13.458893730434935	13.862830230430054	13.6842302720951
2.204019091343801e-05	0.003313166597171885	22.768945199199596	row_7893	389.2671	238.0	9.97	10.447128343266138	10.164285435773673	13.775213446616501	14.027741222018813	14.059426227765643
2.231400408499503e-05	0.003313166597171885	22.698321076984364	row_1610	265.1103	46.0	21.17	21.145742223381212	21.10338099503661	22.38727281620489	22.572191973711387	22.438802571074447
2.231954758883896e-05	0.003313166597171885	22.696902439935343	row_5676	205.028	115.0	14.58	14.198454267929407	14.28301293432188	17.03024536474292	16.975525196667878	17.02972754349078
2.3122193961537925e-05	0.003313166597171885	-22.49601844939394	row_2209	428.0978	92.0	21.53	22.319341395342903	22.26559618027051	15.458850645647406	15.367643028677481	14.934883457663577
2.3123904928622672e-05	0.003313166597171885	22.495599572303316	row_7806	107.5041	360.0	9.21	8.906779430066416	9.450644532559872	14.907842107782745	14.440018700990711	14.319978974759074
2.353720385639741e-05	0.003313166597171885	22.395534705466122	row_6850	204.1216	179.0	12.18	12.417098381916123	12.825146517756549	17.315953495487555	17.686703847894403	17.352812949762633
2.3621075176835202e-05	0.003313166597171885	-22.37549600667821	row_5869	298.5694	295.0	15.14	15.822631693412106	15.832633181300412	10.173250226871595	10.276016163374546	10.390843550098106
2.550756146585794e-05	0.0034624740250995953	21.946930021711047	row_7964	293.0714	103.0	9.97	10.447128343266138	10.164285435773673	14.642541700662724	14.862603116936906	15.205858314536746
2.6273231082947574e-05	0.0034624740250995953	21.784132890507234	row_2940	734.9819	42.0	18.57	18.60992972682113	18.493494263283292	19.632230126881588	19.75839817972819	19.65609923318458
2.6441815749084614e-05	0.0034624740250995953	21.749082954871717	row_7867	296.1302	110.0	9.97	10.447128343266138	10.164285435773673	15.785374223641279	16.274653482415655	16.612843148301284
2.6599786908143773e-05	0.0034624740250995953	-21.716491868158766	row_2433	556.1344	323.0	15.67	16.241774254826996	16.138479282677757	12.040556938524054	11.904512205313543	12.08964746049529
2.7048004364835454e-05	0.0034624740250995953	-21.625319784630562	row_6330	486.1081	295.0	14.42	14.795732417945624	14.660223126020602	8.499816889652996	7.864192911388945	8.764994408859085
2.7284035469827957e-05	0.0034624740250995953	-21.578063283300807	row_1442	234.5639	79.0	17.79	18.002173012769536	18.738171144385163	10.591608561176244	11.203640491061314	10.901526934205236
2.9021208249495206e-05	0.0036253837492924088	-21.245260625315815	row_2257	450.0343	105.0	13.47	13.643090374054676	13.671320731567196	9.061029289329966	8.297084264309438	8.74415018909961
2.9645305696592187e-05	0.0036463726006808386	-21.131718623072327	row_1326	215.0482	120.0	20.18	21.114306531275094	20.87909385402656	14.173164057296534	14.553395007707982	14.299134754999601
3.300280718251602e-05	0.0039827759996618065	20.568226110648048	row_1451	235.0928	154.0	15.52	15.780717437270617	15.689905000657655	17.86696203335222	18.129902137789195	18.124049080863198
3.33766093780289e-05	0.0039827759996618065	20.509938280506383	row_7852	271.9725	73.0	9.97	10.447128343266138	10.184675175865495	14.68335714791196	14.790454558116823	14.257446315480651
3.402000852697524e-05	0.0039855958748898305	-20.411495061843702	row_5107	538.1246	295.0	16.02	16.598045432029654	16.576858694651946	8.907971362145338	8.853658860921499	9.775939067193605
3.4406494304602664e-05	0.0039855958748898305	20.35347113481219	row_7866	295.0735	427.0	9.97	9.598364656400985	10.164285435773673	16.67311020131212	15.77992050764938	16.12300398395363
3.489577376388845e-05	0.0039855958748898305	20.28117061413071	row_6984	316.5773	327.0	13.39	13.192512120533669	13.722295081796753	18.897552076395378	18.913229347835802	18.280380729059253
3.608748420115235e-05	0.00405083096490515	-20.11024278249538	row_7747	231.0422	297.0	14.66	15.487317644280193	15.24133071863755	9.305921972825368	9.008262915535962	9.546652649839384
3.648027885843287e-05	0.00405083096490515	-20.055441443473025	row_3295	764.9737	39.0	16.81	16.598045432029654	16.495299734284654	14.713968733348885	14.594622755605172	14.643064381030932
3.856468862429899e-05	0.0042236258294694575	19.77646503986566	row_7877	317.5752	331.0	9.06	9.671714604648592	10.041946995222734	15.622112434644343	15.687158074880701	16.029204995035997
3.937495040609609e-05	0.004254090925631598	-19.6730547772548	row_2307	472.0593	93.0	17.34	18.57849403471501	18.197843031951862	10.091619332373126	9.801897062556863	10.390843550098106
4.325873183472655e-05	0.00461138081358185	-19.211814933704712	row_1038	182.5346	94.0	14.96	14.931953750405464	15.220940978545729	10.999763033668582	10.276016163374546	10.536753088414429
4.496035437026356e-05	0.004729710963029699	19.025726929626604	row_7246	188.1757	43.0	17.31	17.907865936451184	17.90219180062043	21.97911834371255	22.37636017119974	22.37626991179602
4.9807131366770346e-05	0.005171532665939336	18.540477197274218	row_2448	575.1265	442.0	18.04	17.436330554859435	17.637125179426732	21.61177931846944	21.428121969564373	21.281948374423607
5.3012520430389315e-05	0.005433783344114905	18.25082769607649	row_4188	854.9448	40.0	17.86	17.98121588469879	17.90219180062043	18.958775247269227	18.851387725990012	18.832752552685335
5.7013911073119174e-05	0.005724493312996297	17.91849618506863	row_7697	473.1156	330.0	12.17	11.358763414343525	11.102213479997522	17.724107967979897	17.758852406714485	17.415345609041058
5.7635005314262817e-05	0.005724493312996297	-17.869522812538122	row_7332	614.0509	97.0	13.8	13.988882987221961	13.84463352234769	10.173250226871595	9.69882769281389	10.390843550098106
5.799674275831146e-05	0.005724493312996297	-17.841302117391287	row_2159	409.0829	94.0	14.91	14.051754371434194	14.405351374872817	9.867134372502338	9.956501117171326	10.015647594427563
5.95579527738048e-05	0.005798078471874341	-17.721976279485865	row_2296	465.0502	93.0	15.13	15.141525031112907	15.65932039051992	10.173250226871595	10.760442201166525	10.79730583540786
6.019268457355476e-05	0.005798078471874341	17.674573131477015	row_6907	249.1071	102.0	14.0	14.08319006354031	13.610151511291727	18.52000918933996	19.088447276398856	19.364280156551935
6.129967366380582e-05	0.005834415368358661	-17.59337441341326	row_5069	322.0271	94.0	15.37	15.843588821482848	15.832633181300412	10.877316691920882	10.276016163374546	11.047436472521557
6.38704427714755e-05	0.006007578705387607	17.41166271906749	row_7844	243.1335	109.0	9.97	10.447128343266138	10.164285435773673	14.66294942428734	13.996820411095921	14.434622183436185
6.487731463102429e-05	0.006031327098546967	-17.342962933127428	row_1259	205.9247	54.0	14.37	15.235832107431259	14.976264097443854	10.173250226871595	10.276016163374546	10.390843550098106
6.765870978800713e-05	0.0062176021236220345	17.15989474870169	row_7847	254.1012	204.0	9.97	10.447128343266138	9.27733174177938	15.795578085453588	15.93452456226384	15.726963808523612
7.152077695595258e-05	0.006289799266689368	16.920703529402893	row_1841	309.1265	151.0	21.34	21.019999454956743	20.88928872407247	23.43827058287267	23.62349954508973	23.512279888687388
7.227059208511238e-05	0.006289799266689368	16.876130456375172	row_7871	306.1474	88.0	11.21	10.845313776610285	10.164285435773673	15.999655321699757	16.326188167287143	16.133426093833368
7.234274121037554e-05	0.006289799266689368	16.87187195512158	row_2198	424.8963	46.0	17.09	17.237237838187358	17.137576547177073	18.193485611346087	18.26389231845506	18.113626970983457
7.30610595232825e-05	0.006289799266689368	-16.829760991970787	row_1837	308.0896	97.0	20.71	21.64871329707908	21.623319367378095	11.836479702277881	11.956046890185029	10.390843550098106
7.349124556697151e-05	0.006289799266689368	16.804788020281347	row_6935	272.9702	73.0	14.3	13.831704526691377	13.936387352760892	16.846575852121365	16.800307268104824	16.59199892854181
7.369959819787126e-05	0.006289799266689368	16.792758261509835	row_7880	327.0885	78.0	9.97	10.447128343266138	10.164285435773673	14.7343764569735	15.40887077657467	15.62274270972624
7.395136098421521e-05	0.006289799266689368	-16.778278570732784	row_2234	441.1084	83.0	14.31	14.49185406091983	14.415546244918728	10.173250226871595	10.935660129729582	10.390843550098106
7.550694580232592e-05	0.006354505596732586	16.69015467195907	row_7859	281.9194	73.0	10.63	11.149192133636081	11.051239129767964	13.836436617490353	13.96589960017303	13.725918711614048
7.902119023557268e-05	0.006580983499306288	16.49914787437721	row_7975	269.0874	57.0	9.97	10.447128343266138	10.164285435773673	16.33638276150594	17.14043618825664	17.68632046591423
8.266598461661683e-05	0.006753652980745474	16.31192326837935	row_6783	144.0475	44.0	18.31	18.232701421547723	18.06530972135501	19.6424339886939	19.655328809985214	19.51018969486826
8.290164546826343e-05	0.006753652980745474	16.30017343524288	row_7820	175.0008	59.0	9.97	10.447128343266138	10.164285435773673	14.764988042410428	15.33672221775459	15.726963808523612
8.362872358896836e-05	0.006753652980745474	16.264182831424268	row_7878	317.5821	346.0	9.82	9.671714604648592	10.041946995222734	15.142530929465842	15.223345911037315	16.175114533352318
8.503144460962545e-05	0.006798263996539555	16.195837637566267	row_7881	327.1263	80.0	16.24	15.895981641659711	16.056920322310464	17.71390410616759	17.841307902508863	17.790541564711603
8.598338663218199e-05	0.00680630867449797	-16.150251596830724	row_1320	214.5522	94.0	22.17	23.65011902783518	23.193329354448448	15.969043736262833	15.769613570675082	15.685275369004664
8.691792526009981e-05	0.006812831494651941	16.106106978362618	row_1477	238.0413	321.0	15.67	15.319660619714236	15.465617859647603	17.336361219112174	17.573327541177132	17.48830037819922
9.50945865360924e-05	0.007381371061709307	15.743485388471267	row_7807	110.0345	58.0	15.35	15.183439287254398	14.93548461726021	17.632273211669123	17.90314952435465	18.051094311705036
9.771527208020013e-05	0.007495890772266142	-15.635412123985677	row_2479	602.1472	510.0	14.79	15.089132210936048	15.251525588683464	9.377349005511528	10.276016163374546	9.275677792966214
9.844509457009944e-05	0.007495890772266142	-15.605957147472434	row_5914	340.0411	93.0	14.5	15.036739390759186	14.894705137076564	9.887542096126955	10.719214453269336	10.192823462383096
0.00010762167162867769	0.007920357535721	-15.257339312193926	row_2376	502.9931	92.0	14.49	14.408025548636852	14.548079555515576	9.295718111013061	10.327550848246032	9.567496869598857
0.00010762327833953601	0.007920357535721	-15.257281553901347	row_5100	499.1857	56.0	23.98	23.88064743661337	23.590929286238993	21.97911834371255	21.881627196433463	21.813475978290207
0.00010776834132310182	0.007920357535721	15.252071231721116	row_7812	140.5384	73.0	10.07	10.017507217815877	9.848244464350419	14.74458031878581	15.285187532883102	14.226179985841439
0.00010868718756264812	0.007920357535721	15.219270226766671	row_7938	457.1196	371.0	10.31	10.447128343266138	10.082726475406382	13.479301454059554	14.182345276633274	14.017737788246691
0.00010897302425632395	0.007920357535721	-15.209136839573596	row_1566	255.1002	66.0	21.4	21.292442119876423	20.85870411393474	18.397562847592262	18.06806051594341	18.08236064134425
0.00011291099221365694	0.008132643087821505	-15.07281398848157	row_4605	966.8533	44.0	20.75	20.862820994426162	20.685391323154242	19.866918948564685	19.840853675522567	19.749898222102217
0.00011426699549894937	0.008156827044768751	15.027237854592347	row_6836	192.045	120.0	11.26	10.447128343266138	10.561885367564216	14.87723052234582	15.295494469857399	15.341345742973333
0.00011777035975727239	0.008332513506720289	-14.912542654828185	row_6976	307.1095	278.0	13.81	14.324197036353873	14.191259103908678	10.530385390302392	9.791590125582566	10.005225484547825
0.00012024599964367944	0.00843304181711594	-14.834027574485987	row_5768	237.0337	74.0	14.7	14.250847088106267	14.079115533403652	10.74466648836087	11.203640491061314	10.92237115396471
0.00012659102763734714	0.008800828399657307	-14.641666793871728	row_2258	450.0784	93.0	19.29	20.569421201435738	20.328570871547345	12.897681330757969	12.59507698259147	11.745717834463957
0.00013245586652943836	0.009054304054957534	14.474257411830518	row_7836	214.0452	164.0	9.97	10.447128343266138	10.164285435773673	14.244591089982693	13.80098860858427	13.517476514019302
0.00013250201056035416	0.009054304054957534	-14.472977070604344	row_2701	710.961	40.0	18.29	18.557536906644266	18.360960952686444	16.897595161182906	17.088901503385152	16.94635066445288
0.0001357954844546483	0.009200719476397569	-14.383003119229564	row_7171	664.9342	44.0	18.99	19.165293620695856	19.033822375716596	17.29554577186294	17.016752944565074	16.852551675535246
0.00014088863993051435	0.009445683191505025	-14.249087365810531	row_3330	767.9285	39.0	17.04	16.996230865373796	17.01523810662614	15.397627474773556	14.975979423654177	15.03910455646095
0.0001421597896324595	0.009445683191505025	-14.216603231862038	row_2019	356.066	138.0	18.31	18.91380808384692	18.57505322365058	15.693539467330503	15.398563839600373	15.7790743579223
0.0001432546339944024	0.009445683191505025	14.188913311386411	row_7132	603.1595	490.0	12.37	12.207527101208678	12.009556914083635	15.581296987395108	15.20273203708872	14.934883457663577
0.00014413675414179025	0.009445683191505025	14.166794539293337	row_558	144.1014	55.0	16.19	16.136988614473275	16.118089542585935	16.571071583189035	16.65601015046466	16.63368736806076
0.00014850172076353465	0.009652611849629752	-14.059773841976664	row_4321	877.327	41.0	18.4	18.26413711365384	18.452714783099648	17.50982686992142	17.439337360511267	17.52998881771817
0.000151433633546841	0.009763805646830595	-13.990065208712544	row_970	176.1216	39.0	20.67	21.19813504355807	20.848509243888824	18.683270978336896	18.480337994915306	18.49924503653374
0.00015800276484188996	0.010105856839287282	-13.839805281487024	row_6888	233.5251	93.0	15.17	16.482781227640558	16.26081772322869	9.938561405188498	10.276016163374546	10.25535612166152
0.0001617983224806654	0.010183470546869723	-13.756490132751155	row_7063	452.0548	94.0	14.61	15.833110257447478	15.547176820014894	10.173250226871595	10.276016163374546	10.244934011781783
0.0001619514830882914	0.010183470546869723	-13.753179368882336	row_5508	160.5216	93.0	14.45	14.732861033733391	14.751976956433806	10.560996975739316	9.843124810454054	9.442431551042011
0.00016303742714187923	0.010183470546869723	-13.729816602275651	row_1795	300.0466	92.0	15.96	15.79119600130599	16.220038243045046	11.03037461910551	10.080184360862894	11.245456560236565
0.00016647780538579554	0.01031310937235376	-13.657061988664251	row_7024	371.60400000000004	372.0	14.11	13.538304733700954	14.456325725102374	10.173250226871595	10.276016163374546	10.390843550098106
0.0001676928353228254	0.01031310937235376	-13.631813645782652	row_6594	406.094	165.0	13.84	13.43351909334723	13.538787420970346	10.173250226871595	9.533916701225131	9.296522012725687
0.0001784312760939527	0.01083788134957152	-13.418131384059881	row_3170	755.1089	39.0	16.94	16.92288091712619	17.11718680708525	14.642541700662724	14.017434285044516	14.45546640319566
0.00017893687781656543	0.01083788134957152	-13.408467551996223	row_7471	280.0702	317.0	13.67	14.502332624955201	14.568469295607398	10.173250226871595	10.276016163374546	10.390843550098106
0.00018235719001796023	0.01096199800145558	-13.34397419871972	row_1956	339.0594	163.0	16.44	17.00670942940917	16.95406888635067	11.71403336053018	11.22425436500991	10.390843550098106
0.00018753677582002614	0.011189227781202305	13.24912301427283	row_1827	305.3012	148.0	12.69	12.605712534552822	12.75378242743517	15.958839874450524	16.8827627638992	16.73790846685813
0.00019013550159807386	0.011260246927974818	-13.202754498859663	row_6319	428.0489	105.0	14.2	14.62807539337967	14.874315396984741	10.173250226871595	9.45146120543075	10.390843550098106
0.00019187625578562603	0.011279784301515295	13.172133716887279	row_7601	614.9722	43.0	15.71	15.875024513588967	15.710294740749477	16.66290633949981	16.820921142053418	16.821285345896033
0.0001939162776587502	0.011316501021034363	13.136685930452181	row_6768	136.0057	114.0	13.87	13.601176117913187	13.518397680878524	15.42823906021048	15.64593032698351	15.35176785285307
0.0002032355971724736	0.011726520088587907	12.980460583497885	row_5715	221.5757	160.0	13.92	14.020318679328078	13.752879691934487	15.122123205841225	15.33672221775459	15.330923633093596
0.00020387570885725068	0.011726520088587907	12.970058537513772	row_7039	395.0387	46.0	18.05	18.222222857512353	18.085699461446833	19.1628524835154	19.407962322602074	19.364280156551935
0.00020916066704562702	0.011900612956908817	-12.885700939742732	row_2397	515.1633	225.0	18.71	18.515622650502777	18.605637833788315	16.805760404872128	16.357108978210032	16.331446181548376
0.00020987947803929245	0.011900612956908817	12.874432553557469	row_7952	371.6559	38.0	10.14	11.33780628627278	8.828757459759277	19.336318134324642	19.63471493603662	19.520611804747997
0.00021597052851876581	0.012157822380008447	-12.780835159546061	row_4320	876.8212	41.0	19.58	19.657786130358353	19.50278639782852	19.00979455633077	18.99568484363018	19.009928420640865
0.00021745698565868768	0.012157822380008447	-12.758491786067207	row_3507	783.4753	40.0	16.69	17.059102249586033	16.841925315845643	14.234387228170384	14.759533747193931	14.413777963676711
0.00021957612495112437	0.012190344646270062	-12.726965038861547	row_7070	466.0408	94.0	13.83	14.732861033733391	14.680612866112424	8.846748191271486	9.678213818865295	9.609185309117807
0.00022108817682415998	0.012190344646270062	-12.704700670643575	row_7776	320.1077	269.0	13.63	13.580218989842443	13.569372031108083	9.571222379945391	10.389392470091817	10.390843550098106
0.00022597750574108544	0.012294233459604948	12.633984693845655	row_6889	233.9813	107.0	13.23	12.469491202092984	13.447033590557144	16.846575852121365	17.181663936153832	16.956772774332617
0.00022604781970755815	0.012294233459604948	-12.632981647269819	row_1951	338.0455	93.0	18.07	18.8090224434932	18.687196794155607	10.601812422988552	12.358017432182628	11.172501791078405
0.00022954416348827764	0.012397422226563776	-12.583589647708429	row_2123	391.1735	62.0	16.35	16.189381434650134	16.046725452264553	14.009902268299596	14.24418689847906	14.45546640319566
0.00023109764603231314	0.012397422226563776	-12.561943527413357	row_1677	278.5709	322.0	17.73	18.44227270225517	18.452714783099648	14.520095358915023	14.347256268222035	13.83013981041142
0.00023259703989800707	0.012397422226563776	-12.541222166056782	row_3270	762.9787	42.0	20.65	20.883778122496906	20.603832362786953	18.86694049095845	18.531872679786794	18.37417971797689
0.00024204214867501412	0.012768793795030646	-12.414405411147209	row_6954	292.0273	148.0	16.26	15.916938769730455	16.148674152723668	10.040600023311583	10.440927154963306	8.775416518738822
0.0002448883720901116	0.012768793795030646	-12.377393168674052	row_7153	630.9384	44.0	18.43	18.599451162785755	18.330376342548707	16.73433337218597	16.4910991588759	16.258491412390217
0.000244951683056968	0.012768793795030646	-12.376575968897065	row_7680	232.9609	98.0	13.79	13.758354578443772	13.84463352234769	12.61197320001333	12.883671217871798	12.66286350388084
0.0002459530011800775	0.012768793795030646	-12.36368609435943	row_6915	258.0048	63.0	14.64	14.533768317061318	15.547176820014894	10.173250226871595	10.276016163374546	10.734773176129439
0.0002482003496067715	0.012802334161975085	12.33499248822689	row_6211	177.1024	64.0	16.22	16.671395380277257	15.50639733983125	20.550577689989357	21.180755482181237	20.990129297790958
0.0002535426280018062	0.012994059685092568	12.268062382784862	row_6585	376.9894	99.0	14.6	14.49185406091983	14.446130855056463	15.836393532702822	15.944831499238138	15.62274270972624
0.0002553640377309784	0.012996956296672467	-12.245643191606861	row_6898	241.5111	93.0	14.79	16.053160102190297	15.751074220933122	10.173250226871595	9.61637219701951	10.401265659977843
0.0002583756022015934	0.012996956296672467	12.20900785018938	row_4252	865.2138	39.0	15.37	14.722382469698019	15.149576888224349	17.724107967979897	18.119595200814896	17.75927523507239
0.00025874932553150096	0.012996956296672467	12.204498627207855	row_3146	752.9077	42.0	17.13	17.205802146081243	17.056017586809784	18.428174433029184	18.717397545324147	18.38460182785663
0.0002601016894893802	0.012996956296672467	12.188248925912568	row_6724	708.2681	39.0	15.67	15.361574875855727	15.842828051346324	17.469011422672185	17.748545469740186	17.59252147699659
0.00026631777138676844	0.013224910448678347	-12.114887325787896	row_6974	306.0745	298.0	13.32	12.710498174906547	13.457228460603055	10.173250226871595	10.276016163374546	10.390843550098106
0.00027279425630880884	0.013462901723388435	-12.040685136640677	row_6833	191.5494	93.0	15.51	16.839052404843216	16.59724843474377	10.948743724607041	11.059343373421152	10.390843550098106
0.00027643701139053514	0.013558981018817966	-11.99990603776339	row_6612	539.1271	298.0	13.89	13.97840442318659	14.29320780436779	10.173250226871595	9.348391835687776	10.390843550098106
0.00028871272746246185	0.014074745463795016	11.867257622734096	row_7889	341.0998	110.0	8.6	10.069900037992737	10.164285435773673	15.734354914579736	15.769613570675082	15.539365830688341
0.0002942387766317765	0.014257206176794263	-11.809814878428313	row_5747	232.8662	527.0	14.39	14.418504112672224	14.384961634780993	13.97929068286267	14.048355095967409	13.934360909208793
0.0003114924763203178	0.014943942004366084	-11.638758951807418	row_4438	910.8576	41.0	19.66	19.61587187421686	19.56395561810399	19.071017727204623	18.923536284810098	18.93697365148271
0.0003121498830180283	0.014943942004366084	11.632475720999011	row_3368	771.0279	38.0	9.97	10.447128343266138	10.164285435773673	13.856844341114968	14.975979423654177	14.79939602922699
0.00032012736532686486	0.015234632653501693	-11.557517674342238	row_2395	515.0199	91.0	15.62	15.79119600130599	15.710294740749477	9.183475631077666	10.853204633935201	9.598763199238071
0.00033458433132891214	0.015828412597483153	-11.427422414512126	row_4041	835.9364	40.0	17.24	17.205802146081243	17.42303290846259	15.71394719095512	16.068514742929707	15.883295456719672
0.0003386502841219787	0.015926523656207173	-11.392088958881425	row_7737	484.0145	93.0	13.0	13.569740425807069	13.691710471659018	9.907949819751574	10.348164722194626	9.598763199238071
0.00035387519199218796	0.01648358522885473	-11.264324404453472	row_7064	452.07300000000004	94.0	15.29	16.472302663605188	16.291402333366428	9.152864045640742	10.276016163374546	10.390843550098106
0.00035832695543674313	0.01648358522885473	11.228252654357954	row_7797	633.1537	338.0	10.61	8.183758511625731	9.165188171274353	17.224118739176777	17.697010784868702	17.290280290484212
0.0003596455814635988	0.01648358522885473	-11.217674942392502	row_1421	231.0422	93.0	16.54	17.153409325904384	17.17835602736072	9.744688030754636	11.399472293572968	9.71340640791518
0.0003616158698682844	0.01648358522885473	11.201959283149613	row_2584	685.2821	38.0	18.11	18.473708394361285	18.707586534247433	20.387315900992423	20.603567011620576	20.51071224332304
0.00036864441275790983	0.01648358522885473	11.146752871004141	row_4009	832.8248	41.0	17.68	17.530637631177783	17.494396998783973	18.224097196783013	18.284506192403654	18.322069168578203
0.0003687027700058685	0.01648358522885473	11.146299988961355	row_7005	344.0566	503.0	11.23	10.32138557484167	10.918705819171116	14.305814260856543	14.089582843864598	13.882250359810108
0.00037154888434721127	0.01648358522885473	11.124320238707924	row_7916	614.0797	449.0	9.3	10.447128343266138	9.49142401274352	13.713990275742649	14.099889780838895	13.850984030170896
0.000372044502800593	0.01648358522885473	-11.12051411570655	row_3989	830.9793	42.0	20.67	20.92569237863839	20.644611842970598	18.94857138545692	18.73801141927274	18.395023937736365
0.0003723619087502082	0.01648358522885473	-11.118079893118393	row_2617	694.9937	43.0	20.82	21.124785095310468	20.766950283521535	18.968979109081538	18.686476734401253	18.395023937736365
0.00037255332452824816	0.01648358522885473	11.116613150291393	row_7819	174.0209	370.0	9.97	10.447128343266138	9.501618882789431	13.63235938124418	14.0792759068903	13.413255415221927
0.00037317434977144536	0.01648358522885473	11.111860925023125	row_7843	241.6104	91.0	12.64	12.060827204713465	12.814951647710638	15.111919344028918	15.305801406831696	15.070370886100163
0.0003828568448450398	0.016798950688270645	-11.039016116167346	row_2916	732.9237	42.0	19.37	19.469171977721647	19.247914646680734	17.805738862478364	17.449644297485563	17.27985818060447
0.00038621699078899245	0.016798950688270645	-11.01427012561208	row_806	162.5369	161.0	17.1	17.205802146081243	17.04582271676387	15.928228289013598	16.21281186056987	16.08131554443468
0.00038931661898504915	0.016798950688270645	10.99167891062746	row_3721	802.9731	41.0	18.77	18.840458135599317	18.69739166420152	19.693453297755443	19.95422998223984	19.71863189246301
0.00038935857296412804	0.016798950688270645	-10.991374669990433	row_5705	216.8965	529.0	13.96	14.104147191611057	13.997556573036361	13.50991303949648	13.502087436329644	13.548742843658513
0.00039081986591849163	0.016798950688270645	10.980803068918362	row_2745	716.5071	38.0	12.3	12.762890995083406	12.356182495644623	15.43844292202279	14.800761495091121	15.362189962732806
0.00039610843275180227	0.016907826376758563	-10.942950187948218	row_5951	381.6003	511.0	13.43	13.695483194231539	13.763074561980398	9.397756729136146	10.276016163374546	10.390843550098106
0.00039828074071472403	0.016907826376758563	-10.927583503707105	row_2006	353.06300000000005	138.0	16.23	17.394416298717946	17.321084208003477	12.305857345644075	12.337403558234033	11.589386186267896
0.00039969720890648756	0.016907826376758563	-10.917619560425635	row_4030	834.9059	41.0	19.65	19.657786130358353	19.533371007966256	18.264912644032247	18.078367452917707	17.790541564711603
0.00040491895637841026	0.016990803839339718	10.88126359315958	row_4223	860.9175	39.0	15.4	15.57114615656317	15.771463961024946	17.44860369904757	17.95468420922614	17.978139542546874
0.0004061131127856747	0.016990803839339718	-10.873031214641141	row_592	146.5241	93.0	15.57	16.377995587286836	16.230233113090957	9.071233151142273	10.276016163374546	10.734773176129439
0.00041148116073603765	0.016990803839339718	-10.836392654083895	row_968	176.1059	190.0	12.75	12.720976738941918	13.457228460603055	10.173250226871595	10.276016163374546	10.390843550098106
0.0004133878739105691	0.016990803839339718	10.823521492784137	row_7817	153.04	549.0	10.07	8.676251021288227	9.144798431182531	13.713990275742649	13.739146986738485	13.736340821493785
0.0004135606086844055	0.016990803839339718	-10.822359102612822	row_1890	325.112	60.0	19.23	19.270079261049577	19.1255762061298	18.46898988027842	18.521565742812495	18.33249127845794
0.0004150843781831511	0.016990803839339718	-10.812131218617726	row_7071	466.056	94.0	14.2	15.487317644280193	15.312694808958932	10.173250226871595	9.678213818865295	10.390843550098106
0.0004165350284566085	0.016990803839339718	10.802437397739258	row_7897	430.1086	414.0	9.97	8.55050825286376	9.511813752835343	15.356812027524322	14.367870142170629	14.757707589708042
0.0004207850835015008	0.017033998244799398	-10.774276680279977	row_5035	214.0508	82.0	22.94	22.654655444474816	22.846703772887462	19.00979455633077	19.480110881422156	20.031295188855125
0.00042185511600628905	0.017033998244799398	-10.767242355540072	row_5896	326.0566	295.0	15.42	16.053160102190297	16.087504932448198	10.173250226871595	10.276016163374546	8.639929090302235
0.00042885976883844654	0.017160926064960048	-10.721735423894899	row_7055	431.2011	71.0	14.24	14.3137184723185	14.333987284551437	12.152799418459447	11.368551482650073	11.495587197350261
0.00042929145878574225	0.017160926064960048	-10.718961136314029	row_2042	364.0613	93.0	16.69	16.82857384080784	16.943874016304758	9.5814262417577	11.54376941121313	10.79730583540786
0.00043383183003017364	0.017196262362886773	-10.689990490704522	row_2260	451.0505	93.0	15.58	15.581624720598542	15.689905000657655	9.356941281886911	10.925353192755285	10.7243510662497
0.000434477172895951	0.017196262362886773	10.685903358256324	row_599	147.0633	244.0	13.15	13.66404750212542	12.193064574910043	18.030223822349154	17.758852406714485	17.602943586876332
0.0004385428801262545	0.017271676485760612	10.660326445574183	row_6638	718.9175	42.0	17.39	17.635423271531504	17.565761089105354	18.45878601846611	18.655555923478364	18.49924503653374
0.0004437394274494343	0.017390670208128567	-10.628061307550263	row_7195	698.928	43.0	19.27	19.3748649014033	19.07460185590024	17.50982686992142	17.54240673025424	17.071415983009725
0.00045740216275575607	0.017838684347474487	-10.545423090803773	row_7054	431.0955	94.0	14.78	15.382532003926471	15.312694808958932	11.458936815222467	10.276016163374546	10.390843550098106
0.0004613722169319425	0.01784742887142079	10.521984078487435	row_7894	398.3257	162.0	9.52	10.090857166063483	8.869536939942922	13.816028893865735	14.058662032941706	14.736863369948567
0.00046209102894110123	0.01784742887142079	10.517767040336967	row_5053	259.0644	58.0	18.76	19.029072288236016	18.789145494614722	19.82610350131545	20.016071604085628	19.958340419696963
0.0004662818251102998	0.01785051985218963	-10.49334222171995	row_2351	491.0325	44.0	21.22	21.596320476902218	21.235914305633457	19.30570654888772	19.057526465475963	18.665998794609536
0.0004666364789377902	0.01785051985218963	-10.491287752119106	row_4389	898.8455	41.0	21.03	21.24004929969956	21.052406644807053	20.17303480293394	20.16036872172579	19.958340419696963
0.00047158680998015746	0.01788891021624028	10.462812008216309	row_2677	707.2632	39.0	16.97	17.47824481100092	17.535176478967617	19.30570654888772	19.645021873010915	19.458079145469576
0.00047351725529715143	0.01788891021624028	10.451808007874046	row_1788	299.0829	161.0	14.08	14.753818161804135	14.599053905745134	16.75474109581059	17.191970873128128	17.071415983009725
0.00047435259109980483	0.01788891021624028	10.447063658059303	row_1819	304.2979	144.0	15.4	15.518753336386311	15.36366915918849	18.11185471684762	19.10906115034745	18.978662091001656
0.00048714356331416614	0.018216647427227662	-10.375687522173951	row_2330	483.1205	337.0	14.9	15.69688892498764	15.65932039051992	9.826318925253105	8.523836877743982	7.806160299923252
0.0004876000687212908	0.018216647427227662	-10.37318327977545	row_7318	502.1846	56.0	16.38	16.524695483782047	16.271012593274605	15.479258369272022	15.439791587497563	15.278813083694908
0.0004958044677947882	0.018437008000089915	-10.328667049598783	row_5111	559.0198	44.0	21.47	21.858284577786524	21.51117579687307	19.673045574130825	19.418269259576373	19.062038970039552
0.0005009321437890336	0.0185414467110802	-10.30130691505207	row_7089	500.1871	57.0	20.2	20.412242740905153	20.104283730537293	19.285298825263098	19.15028889824464	19.15583795895719
0.0005119592791952959	0.018768166832762088	10.243629605139237	row_7580	264.1495	37.0	18.35	18.410837010149052	18.61583270383423	19.407745167010802	19.583180251165132	19.416390705950622
0.0005137211099723373	0.018768166832762088	10.234557370614839	row_1552	252.0717	287.0	13.42	13.129640736321436	13.426643850465322	14.367037431730395	14.501860322836496	14.549265392113297
0.0005140998794715319	0.018768166832762088	10.232612011341766	row_7895	417.0959	297.0	9.31	10.447128343266138	10.541495627472393	14.081329300985757	14.357563205196332	14.257446315480651
0.0005282630417429841	0.01904462491247428	-10.161122307833988	row_1161	195.0786	55.0	19.75	20.25506428037457	19.992140160032267	18.38735898577995	18.47003105794101	18.238692289540307
0.0005338707139439609	0.01904462491247428	-10.133472080565953	row_2339	485.1107	330.0	14.79	15.948374461836574	15.985556231989085	10.173250226871595	10.276016163374546	8.994280826213306
0.0005340682024951223	0.01904462491247428	-10.132504889448414	row_5934	355.0609	44.0	22.01	22.466041291838117	21.888385988571788	19.90773439581392	19.655328809985214	19.31216960715325
0.0005346947834119244	0.01904462491247428	10.129439176115767	row_1347	219.0947	151.0	9.97	10.447128343266138	11.999362044037724	16.928206746619832	17.22289168405102	17.06099387312999
0.0005349051149026158	0.01904462491247428	-10.128411073645376	row_5975	409.0829	295.0	14.94	15.560667592527798	15.618540910336275	10.173250226871595	10.276016163374546	8.681617529821185
0.0005359650538219778	0.01904462491247428	-10.123237710969216	row_2625	696.9977	41.0	16.5	16.189381434650134	16.790950965616084	11.081393928167051	12.481700675874198	12.120913790134502
0.0005406516761050393	0.019089255127125924	-10.100514540207108	row_1667	277.0812	65.0	18.01	17.57255188731927	17.881802060528607	15.489462231084332	15.604702579086322	16.029204995035997
0.0005419963619584221	0.019089255127125924	-10.09403993776447	row_2501	627.0047	44.0	21.01	21.36579206812403	21.02182203466932	19.183260207140016	18.8926154738872	18.520089256293215
0.0005523889201915363	0.019334938619235967	10.044663839714655	row_7081	486.1088	161.0	13.77	13.42304052931186	13.48781307074079	14.94865755503198	15.120276541294341	14.80981813910673
0.0005538087484434067	0.019334938619235967	10.038007706652403	row_7917	617.1579	377.0	9.26	10.447128343266138	9.297721481871202	13.673174828493416	14.32664239427344	14.049004117885906
0.00056613629331893	0.019606618044900194	-9.981092836239673	row_7306	407.0738	106.0	13.7	13.402083401241114	13.548982291016259	9.71407644531771	8.626906247486955	8.139667816074844
0.0005664951555186923	0.019606618044900194	-9.979459115701468	row_984	177.1227	42.0	16.4	17.268673530293476	17.168161157314806	13.418078283185702	13.904057978327245	13.923938799329056
0.0005700926029916949	0.01964607914189052	-9.963152416406585	row_7321	507.0064	46.0	17.45	17.61446614346076	17.606540569289	15.928228289013598	15.305801406831696	15.726963808523612
0.0005963413732287407	0.02017875148157129	9.847912528008157	row_7955	613.1803	104.0	9.97	10.447128343266138	10.164285435773673	14.418056740791938	16.089128616878302	15.7790743579223
0.0005966669546280512	0.02017875148157129	-9.846522881134545	row_6272	279.5712	323.0	15.05	15.602581848669288	15.455422989601692	9.540610794508465	10.811976886038012	8.97343660645383
0.0005967975588557231	0.02017875148157129	9.84596570057675	row_5839	278.10400000000004	140.0	13.17	14.03079724336345	13.763074561980398	16.509848412315183	17.212584747076722	17.071415983009725
0.0005968322676061838	0.02017875148157129	-9.845817652416738	row_7187	687.1234	41.0	17.16	17.10101650572752	17.01523810662614	12.673196370887181	12.893978154846096	13.95520512896827
0.00059816936849686	0.02017875148157129	-9.840122450275608	row_1079	186.5373	161.0	15.31	14.848125238122485	15.108797408040704	10.173250226871595	11.54376941121313	10.390843550098106
0.0006047771330715318	0.020315937726499565	-9.812207779332523	row_2480	602.1584	509.0	14.82	15.00530369865307	15.24133071863755	9.244698801951518	9.420540394507858	7.441386454132445
0.000612337613729567	0.020404895825603363	9.780729144299558	row_2548	666.9892	44.0	18.8	19.00811516016527	18.707586534247433	19.815899639503147	20.046992415008518	19.916651980178013
0.0006125297058342473	0.020404895825603363	-9.779935647949207	row_7636	326.5572	295.0	13.06	13.61165468194856	13.905802742623159	9.591630103570008	10.276016163374546	10.390843550098106
0.0006186143435599403	0.020522081646314205	-9.75495985101507	row_4165	851.4689	39.0	17.02	17.258194966258102	17.300694467911654	15.42823906021048	15.718078885803592	15.174591984897535
0.0006220768948860028	0.02055077994588932	9.740882762347203	row_7912	590.1473	418.0	8.57	9.80793593710843	9.827854724258597	14.19357178092115	13.96589960017303	13.517476514019302
0.0006246203285617392	0.02055077994588932	-9.73060418882515	row_1843	310.0853	100.0	16.45	17.47824481100092	17.514786738875795	9.612037827194625	11.420086167521562	11.130813351559455
0.0006376411172497785	0.02089319972299991	-9.67878606022853	row_1840	309.0929	135.0	17.36	17.960258756628047	18.146868681722303	14.142552471859606	12.873364280897501	13.67380816221536
0.000647896283012321	0.021118273385716545	-9.638890121754994	row_6041	647.4964	41.0	15.94	16.377995587286836	16.005945972080905	13.693582552118032	13.337176444740884	12.798350932317426
0.0006543736361545969	0.021118273385716545	9.614092792655056	row_4271	867.8037	41.0	19.34	19.437736285615536	19.339668477093937	19.683249435943132	19.686249620908107	19.69778767270353
0.0006549551148798087	0.021118273385716545	-9.611881621310468	row_2300	469.1272	109.0	15.46	16.430388407463695	16.984653496488402	10.173250226871595	9.688520755839592	11.15165757131893
0.0006550758973930835	0.021118273385716545	9.6114226309459	row_7468	267.1318	71.0	12.63	12.605712534552822	11.989167173991813	16.234344143382852	16.480792221901602	15.435144731890968
0.0006620017069990284	0.02123999858586513	-9.585277904412637	row_2053	369.0819	124.0	15.75	15.69688892498764	15.720489610795388	14.367037431730395	14.687385188373849	14.236602095721176
0.0006664616585491869	0.02123999858586513	-9.568620743972607	row_1787	299.0491	107.0	19.28	20.10836438387936	19.747463278930393	17.407788251798333	17.26411943194821	17.425767718920795
0.0006668217192060223	0.02123999858586513	9.567282016388969	row_1762	295.0932	163.0	19.74	19.36438633736793	19.390642827323493	20.775062649860143	20.933388994798097	20.719154440917787
0.0006747119412499152	0.021406039564655043	-9.538168955024966	row_2073	374.0361	102.0	13.95	14.743339597768763	15.251525588683464	10.34671587768084	9.142253096201827	9.744672737554392
0.0006922164093738154	0.021790850126907284	-9.475063490757169	row_6029	539.8061	527.0	14.13	13.89457591090361	14.150479623725033	13.15277787606568	13.244414011972207	13.079747899070334
0.0006922921741381427	0.021790850126907284	9.47479466839519	row_7700	653.8532	39.0	15.58	15.214874979360514	15.526787079923071	16.8873912993706	16.76938645718193	16.612843148301284
0.0006979578762015655	0.021883032236202027	9.45479489657234	row_7841	236.0944	120.0	11.59	10.562392547655234	11.132798090135255	13.91806751198882	14.336949331247737	14.132380996923803
0.0007026733401445017	0.02194481779084098	-9.438302427072852	row_381	130.0983	62.0	18.19	18.44227270225517	18.10608920153866	17.142487844678314	17.191970873128128	17.290280290484212
0.0007137293696124706	0.022203370856232304	-9.400166302686841	row_1559	253.0847	169.0	19.46	19.217686440872715	19.237719776634826	17.71390410616759	17.212584747076722	17.071415983009725
0.0007223722191597278	0.02238513911698459	9.37086095164912	row_1230	202.0279	112.0	15.21	14.921475186370092	14.86412052693883	16.581275445001342	17.171356999179533	16.90466222493393
0.0007334141482191213	0.022557429230510958	-9.334047731327393	row_3013	741.3904	40.0	16.91	17.059102249586033	17.168161157314806	14.509891497102714	14.749226810219634	15.26839097381517
0.0007335749343255597	0.022557429230510958	-9.333516766823164	row_4276	868.8499	41.0	20.18	20.192192896162336	20.02272477017	19.35672585794926	19.335813763781996	19.12457162931798
0.0007443721220980495	0.022801743740129908	9.298187970781912	row_7861	285.1139	99.0	9.82	10.667178188008956	9.64434706343219	13.92827137380113	14.790454558116823	15.226702534296221
0.0007499921909597756	0.02283980949007387	-9.280049514654262	row_7008	345.0277	42.0	16.51	17.237237838187358	16.882704796029287	11.979333767650202	12.718760226283038	11.016170142882345
0.0007513283171844187	0.02283980949007387	-9.275762040767455	row_1070	185.54	162.0	19.23	19.406300593509417	19.217330036543	18.12205857865993	18.418496373069523	18.33249127845794
0.0007594845153007873	0.02300029810541589	-9.249793233106745	row_7614	140.5056	62.0	13.85	14.91099662233472	14.517494945377843	11.479344538847084	11.605611033058915	11.339255549154203
0.0007707479451847229	0.023129920704039027	9.214494457436487	row_6259	241.0791	114.0	9.97	10.447128343266138	11.45903393160442	15.71394719095512	15.635623390009213	14.851506578625678
0.0007720096526886172	0.023129920704039027	-9.210580233923388	row_2058	370.0653	162.0	20.44	20.192192896162336	20.165452950812764	19.1628524835154	19.35642763773059	19.11414951943824
0.0007724438809228793	0.023129920704039027	-9.209234952826463	row_7123	574.9908	46.0	18.15	18.463229830325915	18.177453291860036	16.54045999775211	16.047900868981113	15.841607017200722
0.0007794679693805563	0.023199668491922752	-9.187603084229892	row_6704	557.1399	316.0	15.14	15.969331589907318	15.7306844808413	12.407895963767158	12.584770045617173	13.079747899070334
0.0007805767134868317	0.023199668491922752	-9.184210615318632	row_6317	423.0453	45.0	20.52	20.92569237863839	20.58344262269513	18.622047807463048	18.38757556214663	17.853074223990024
0.0007972004930214908	0.023529744438120993	-9.134051651012813	row_5121	615.1487	295.0	14.92	15.581624720598542	15.43503324950987	10.173250226871595	9.028876789484556	10.891104824325497
0.0008001964470594515	0.023529744438120993	-9.125149891297562	row_2192	422.17199999999997	516.0	15.43	15.162482159183654	15.210746108499817	14.387445155355012	14.316335457299143	14.153225216683278
0.0008005116306652795	0.023529744438120993	9.124215802062619	row_5890	321.0663	163.0	14.67	14.428982676707594	14.599053905745134	15.448646783835098	15.748999696726484	15.58105427020729
0.000804846281748544	0.02357049825120736	-9.11141556307206	row_4364	890.9291	40.0	16.17	16.81809527677247	16.587053564697857	14.754784180598119	14.419404827042117	14.580531721752507
0.0008235502153810459	0.024030233474348402	9.057147065665976	row_7888	339.0896	112.0	9.97	8.749600969535832	10.164285435773673	13.724194137554957	14.213266087556166	14.517999062474084
0.0008386786065761171	0.024207745789253353	9.014358922670002	row_3663	797.2389999999999	39.0	16.48	16.472302663605188	16.38315616377963	17.846554309727598	18.160822948712088	17.623787806635804
0.000840643258836409	0.024207745789253353	9.008872481676478	row_6338	598.9996	45.0	18.87	19.17577218473123	18.8605095849361	19.979161428500078	20.23251728054587	20.12509417777276
0.0008413643978846831	0.024207745789253353	9.006862633471194	row_7676	229.979	68.0	13.73	13.42304052931186	13.498007940786701	14.520095358915023	14.769840684168228	14.580531721752507
0.0008417452569621554	0.024207745789253353	-9.005802023157814	row_7316	480.2007	57.0	19.34	19.961664487384148	19.604735098287634	18.030223822349154	17.923763398303244	17.821807894350815
0.0008500314976858873	0.02435842947669774	8.98287286384508	row_6253	234.0696	142.0	13.37	13.09820504421532	14.242233454138235	16.75474109581059	16.841535016002013	16.602421038421546
0.0008593240136534288	0.02453676960413987	8.957486595201553	row_4993	137.0448	56.0	20.83	21.397227760230148	20.919873334210205	23.030116110380327	23.407053868629482	23.689455756642925
0.0008636436174358716	0.024572351321707448	8.945801453642897	row_2552	667.8269	41.0	15.99	16.032202974119553	15.965166491897262	17.050653088367536	16.831228079027714	17.227747631205787
0.0008722656009448037	0.024649643978610924	-8.922692949431855	row_3701	800.9265	40.0	19.43	19.469171977721647	19.28869412686438	17.948592927850683	17.841307902508863	17.36323505964237
0.0008725264847963592	0.024649643978610924	-8.921998151066942	row_5944	365.066	93.0	15.62	16.975273737303052	16.75017148543244	10.663035593862402	8.554757688666875	10.015647594427563
0.0008877594960687742	0.024991680179823412	-8.881869687091253	row_1449	235.0571	49.0	18.73	19.154815056660485	18.891094195073837	16.67311020131212	15.872682940418056	15.726963808523612
0.0008932283552845667	0.025057405966667053	-8.867670752883097	row_7509	411.0693	93.0	13.43	14.837646674087114	14.670417996066513	10.173250226871595	10.399699407066114	10.390843550098106
0.0008989715232326858	0.02512184384623962	8.852875166647523	row_6610	531.0122	45.0	19.43	19.752093206676705	19.42122743746123	20.509762242740123	20.696329444389253	20.63577756187989
0.0009018097790957812	0.02512184384623962	-8.84560642700255	row_6316	421.0829	292.0	14.92	14.732861033733391	14.670417996066513	10.979355310043966	11.966353827159326	10.640974187211803
0.000913660841862703	0.025363605662126077	-8.815559535249898	row_2356	493.0394	87.0	16.88	17.237237838187358	16.984653496488402	12.356876654705616	10.276016163374546	10.390843550098106
0.0009269013612800243	0.025596866867821803	-8.782556015824719	row_1332	216.0504	93.0	15.53	16.54565261185279	16.403545903871454	8.346758962468368	10.29663003732314	10.390843550098106
0.0009320487520950668	0.025596866867821803	8.769882921616873	row_7035	388.1146	97.0	13.05	12.993419403861598	13.71210021175084	17.86696203335222	17.964991146200436	16.644109477940496
0.0009332332370505144	0.025596866867821803	-8.766978943475952	row_2128	392.0542	158.0	16.94	16.776181020630982	16.801145835662	15.795578085453588	15.986059247135326	16.091737654314418
0.0009348699343844862	0.025596866867821803	-8.762973793597801	row_1601	263.0832	62.0	21.11	21.27148499180568	21.07279638489888	20.550577689989357	20.5211115158262	20.406491144525667
0.0009474491291770667	0.02585275012891006	8.732478578756519	row_4293	870.9644	41.0	18.8	18.58897259875038	18.666807054063785	19.468968337884654	19.768705116702485	19.708209782583268
0.0009553349852256146	0.025979262608431253	8.713615953895617	row_7875	317.0395	131.0	13.32	13.003897967896968	13.324695150006209	14.856822798721204	14.491553385862199	14.966149787302788
0.0009616423031826424	0.026062136318458395	8.69866746995401	row_6578	357.278	386.0	14.73	14.428982676707594	14.49710520528602	15.693539467330503	16.037593932006814	15.706119588764139
0.0009672764376930407	0.026109202420675052	-8.685416822677503	row_2358	495.0451	94.0	12.75	13.779311706514516	13.508202810832612	10.173250226871595	10.657372831423551	10.390843550098106
0.0009699103338262027	0.026109202420675052	8.679255054654329	row_1521	247.1274	73.0	15.55	16.000767282013435	15.50639733983125	17.601661626232197	17.593941415125727	18.14489330062267
0.0009996786852005716	0.026820238550934798	8.611024271061753	row_3547	786.9021	41.0	17.54	17.279152094328847	17.47400725869215	18.591436222026122	18.851387725990012	18.45755659701479
0.0010043016695494287	0.026854153337952113	-8.6006540420024	row_2169	414.0358	162.0	14.55	14.334675600389245	14.435935985010552	13.49970917768417	13.749453923712782	13.569587063417988
0.001011306655759643	0.026931790926312035	-8.585052717437877	row_2357	494.0435	92.0	15.94	17.1848450180105	16.780756095570176	11.581383156970169	10.276016163374546	9.442431551042011
0.0010181386305232604	0.026931790926312035	-8.569965150370905	row_7099	516.0206	91.0	14.17	16.105552922367156	15.618540910336275	10.234473397745443	10.276016163374546	10.390843550098106
0.0010198126323238206	0.026931790926312035	8.566287449810824	row_7176	672.8408	43.0	16.74	16.870488096949334	16.66861252506515	17.264934186426014	17.284733305896804	17.331968730003158
0.001020679506025334	0.026931790926312035	8.56438590843049	row_5399	135.0742	129.0	13.47	13.831704526691377	13.385864370281677	15.009880725905832	14.790454558116823	15.091215105859638
0.0010297697806459177	0.02708226775086879	8.544565536227747	row_6813	176.0289	116.0	14.77	14.68046821355653	14.456325725102374	16.173120972509004	16.872455826924906	16.602421038421546
0.0010356279751016358	0.02713333888429065	8.531906863041991	row_6297	322.0777	503.0	13.38	14.03079724336345	14.232038584092324	16.0506746307613	16.284960419389954	16.12300398395363
0.0010410297928140145	0.02713333888429065	8.520312710199486	row_4520	938.8029	42.0	19.84	19.856878847030423	19.71687866879266	20.387315900992423	20.603567011620576	20.43775747416488
0.0010418930628489343	0.02713333888429065	8.518466743655573	row_2846	726.9056	42.0	16.47	16.231295690791622	16.09769980249411	17.315953495487555	17.398109612614075	17.206903411446312
0.0010598163463258967	0.027510492496349164	-8.48056327581279	row_1354	220.0837	45.0	20.35	20.91521381460302	20.51207853237375	18.968979109081538	18.696783671375552	18.467978706894527
0.0010918883732060976	0.02825128654945874	8.414680569862181	row_7314	468.3072	245.0	12.15	12.144655716996445	12.274623535277332	13.673174828493416	13.687612301866997	14.267868425360387
0.0010987794309197654	0.028337875968398464	-8.400837402634306	row_1665	277.0609	60.0	21.34	21.60679904093759	21.31747326600075	20.397519762804727	20.603567011620576	20.44817958404462
0.0011147002059424108	0.028635600071307304	-8.36926188202695	row_4111	843.8387	40.0	18.19	17.98121588469879	18.12647894163048	17.591457764419886	17.54240673025424	17.571677257237116
0.0011285043588758407	0.028635600071307304	-8.342332953491862	row_2640	699.8308	40.0	12.74	11.98747725646586	12.121700484588663	10.173250226871595	10.276016163374546	10.390843550098106
0.0011323238174822585	0.028635600071307304	8.334953987122597	row_7184	684.9236	44.0	16.95	16.849530968878586	16.576858694651946	18.020019960536846	18.459724120966712	18.165737520382145
0.0011329794664503045	0.028635600071307304	8.333690411807144	row_1333	216.0629	168.0	13.2	12.700019610871173	14.680612866112424	18.356747400343025	18.61432817558117	18.676420904489277
0.0011339732802614609	0.028635600071307304	-8.331776846127841	row_7320	503.9967	92.0	13.35	14.617596829344295	14.36457189468917	10.68344331748702	10.276016163374546	9.807205396832817
0.0011376349075854738	0.028635600071307304	-8.324744346045529	row_4108	843.4263	40.0	17.49	17.677337527672996	17.708489269748114	14.479279911665788	15.53255402026624	14.716019150189092
0.0011388673300071518	0.028635600071307304	8.322383664458892	row_2750	717.3391	39.0	11.68	11.002492237140869	11.499813411788065	13.724194137554957	14.378177079144926	13.67380816221536
0.0011389769634366134	0.028635600071307304	-8.322173816940937	row_6135	803.8461	303.0	15.8	15.434924824103332	15.496202469785336	14.387445155355012	14.24418689847906	13.976049348727743
0.0011518799448228024	0.0288544222079141	-8.29764966176749	row_7177	672.9194	44.0	17.67	17.824037424168207	17.779853360069495	16.550663859564416	16.01698005805822	16.456511500105226
0.0011548987000040666	0.0288544222079141	8.291961112912	row_3294	764.8366	41.0	17.37	17.42585199082406	17.12738167713116	18.12205857865993	18.057753578969113	18.176159630261886
0.0011600932605100598	0.0288939115818627	8.28221543765838	row_7750	263.1052	118.0	13.66	13.768833142479144	13.20235670945527	15.101715482216608	15.429484650523266	15.132903545378586
0.0011767591437802701	0.029193057808409556	8.251309137064371	row_1564	255.0634	498.0	14.24	14.86908236619323	14.904900007122475	17.142487844678314	17.758852406714485	18.15531541050241
0.0011808946315077964	0.029193057808409556	8.243723869167832	row_7839	221.9837	75.0	10.72	10.509999727478371	11.601762112247181	14.162960195484224	13.996820411095921	13.67380816221536
0.0011830582526484925	0.029193057808409556	8.239768469517761	row_6799	159.0783	103.0	12.67	16.16842430657939	14.079115533403652	22.519923019764903	23.118459633349154	23.637345207244238
0.0011899667579803035	0.029273182246315466	8.227198465898926	row_1734	288.5685	442.0	16.97	16.807616712737097	17.942971280804077	21.4383136676602	20.582953137671982	20.68788811127858
0.0012068979343635542	0.02952614165862705	-8.196770521471388	row_2070	372.14099999999996	98.0	13.99	12.993419403861598	12.896510608077929	10.173250226871595	10.4615410289119	10.390843550098106
0.0012076358126793052	0.02952614165862705	8.195456472184935	row_4337	882.3116	40.0	17.44	17.279152094328847	17.25991498772801	17.989408375099917	17.98560502014903	17.84265211411029
0.0012187384766405894	0.029677534088983836	8.17580348990377	row_6993	327.0505	44.0	19.73	20.10836438387936	19.767853019022215	20.846489682546302	21.026151427566774	21.021395627430174
0.0012212518718293537	0.029677534088983836	8.171385245133575	row_1603	263.123	183.0	13.67	14.753818161804135	14.884510267030652	17.611865488044504	17.686703847894403	17.51956670783843
0.0012449777808081122	0.030126959538726295	-8.130224776008355	row_5861	290.1027	404.0	14.25	12.8781551994725	13.763074561980398	10.173250226871595	9.874045621376945	10.390843550098106
0.0012472825024788497	0.030126959538726295	8.126278260990988	row_6881	229.0108	135.0	13.6	12.741933867012662	13.018849048628866	16.162917110696693	15.542860957240537	16.3939788408268
0.0012588363454976905	0.030314447536909744	-8.10662904387565	row_2321	478.2069	55.0	23.33	24.184525793639164	23.713267726789933	21.734225660217145	21.75794395274189	21.71967698937257
0.0012641540555950101	0.030351086109555874	-8.097660255889096	row_7315	479.1963	57.0	21.92	22.59178406026258	22.13306286967366	20.622004722675516	20.325279713314547	20.44817958404462
0.0012794941953680665	0.030389322706217716	-8.07204716071409	row_793	162.0213	102.0	17.94	17.70877321977911	17.728879009839936	15.193550238527385	13.852523293455757	14.049004117885906
0.0012799963118846401	0.030389322706217716	8.071215218742923	row_2238	442.1462	162.0	18.54	18.096480089087883	18.146868681722303	19.540395370570813	19.67594268393381	19.416390705950622
0.0012850264326800913	0.030389322706217716	-8.062903184614754	row_4246	864.1204	39.0	16.46	17.268673530293476	17.12738167713116	14.989473002281214	14.687385188373849	14.736863369948567
0.0012863911542151335	0.030389322706217716	8.06065498928358	row_7343	684.9084	40.0	14.35	12.951505147720107	14.42574111496464	17.69349638254297	18.15051601173779	17.90518477338871
0.0012951481177763751	0.030389322706217716	-8.046298953106387	row_236	116.0335	83.0	21.34	21.460099144442378	21.297083525908928	20.775062649860143	20.696329444389253	20.531556463082516
0.0013005636008304171	0.030389322706217716	8.037480863240981	row_5225	730.2524	39.0	16.33	16.608523996065024	16.811340705707906	17.9690006514753	18.449417183992413	18.124049080863198
0.0013012830656302145	0.030389322706217716	-8.036312770349586	row_3007	740.9089	44.0	18.21	18.44227270225517	18.157063551768214	16.81596426668444	16.975525196667878	16.40440095070654
0.0013029478658333942	0.030389322706217716	-8.033612931810467	row_4283	869.8656	300.0	14.33	13.747876014408398	13.039238788720688	10.39773518674238	10.770749138140822	10.286622451300731
0.0013030509789139098	0.030389322706217716	-8.0334458517346	row_2306	471.0572	92.0	18.24	18.45275126629054	18.350766082640533	12.326265069268691	11.646838780956106	14.017737788246691
0.001303757059191079	0.030389322706217716	-8.03230218850469	row_1572	257.0543	100.0	17.91	18.379401318042934	17.90219180062043	13.183389461502607	13.079503020383449	14.705597040309355
0.001308134385167909	0.030402716306446025	-8.025229140381445	row_6010	482.0149	94.0	15.76	16.797138148701727	16.59724843474377	9.50999920907154	11.255175175932802	11.495587197350261
0.0013445496664435791	0.0311584770528012	7.967500535984812	row_1732	288.0706	434.0	18.15	17.488723375036294	18.391545562824177	22.30564192170642	21.273517914949913	21.188149385505966
0.0013494743566017948	0.031182218153269797	7.959842100099019	row_1616	267.0988	209.0	16.08	15.738803181129127	15.822438311254501	16.8873912993706	16.996139070616476	16.74833057673787
0.001368771386011987	0.03146675414045485	-7.930162910839283	row_2001	350.983	145.0	16.6	16.91240235309082	16.719586875294706	15.836393532702822	15.625316453034916	15.476833171409917
0.0013696598425113557	0.03146675414045485	-7.928808929238602	row_1370	223.0731	518.0	17.1	16.76570245659561	17.056017586809784	15.520073816521258	15.32641528078029	14.872350798385153
0.0013768526464030674	0.031541366498545914	-7.917887157978615	row_7116	562.9521	44.0	16.17	16.514216919746673	16.148674152723668	11.703829498717871	12.409552117054115	10.390843550098106
0.0014017092939516116	0.03197187648527655	-7.880680599633548	row_2679	707.4172	42.0	16.6	16.891445225020078	16.627833044881502	13.469097592247245	13.048582209460557	14.34082319451855
0.001410448721030025	0.03197187648527655	-7.867792480887197	row_2491	614.1602	295.0	16.34	17.027666557479915	17.03562784671796	11.173228684477827	8.276470390360842	8.577396431023812
0.00141154339676094	0.03197187648527655	-7.866185114182171	row_2011	354.0771	540.0	18.71	18.285094241724586	18.289596862365062	16.928206746619832	16.635396276516065	16.300179851909167
0.001415105539401754	0.03197187648527655	7.86096529575457	row_2294	464.12699999999995	161.0	16.89	16.377995587286836	16.52588434442239	17.948592927850683	18.06806051594341	17.800963674591337
0.0014156403096670293	0.03197187648527655	7.860183068302748	row_7406	152.8692	546.0	13.43	13.05629078807383	12.927095218215662	14.285406537231927	14.378177079144926	14.392933743917236
0.0014251450493030229	0.032095872307542725	7.846340820915662	row_7808	125.515	349.0	8.99	9.975592961674387	8.19667551691277	13.377262835936468	13.388711129612373	14.236602095721176
0.0014366519590092595	0.0321946587414345	7.829734711886278	row_7732	305.1077	77.0	14.15	13.601176117913187	13.008654178582955	16.19352869613362	16.511713032824495	16.790019016256817
0.0014400383950930729	0.0321946587414345	7.824878908135079	row_7152	629.0488	444.0	11.29	9.210657787092211	10.602664847747862	15.948636012638216	15.151197352217233	15.393456292372019
0.0014416119861705504	0.0321946587414345	7.822627342380696	row_643	150.9762	116.0	15.89	15.843588821482848	15.292305068867108	17.285341910050633	17.77946628066308	17.65505413627502
0.0014550508901925282	0.032404267039245864	7.803521329551411	row_7869	302.0834	462.0	8.99	9.577407528330243	9.318111221963026	15.49966609289664	15.058434919448556	13.32987853618403
0.0014648632758140392	0.03247239508083256	-7.789708426336424	row_2256	449.0716	98.0	20.27	20.39128561283441	20.542663142511483	13.877252064739585	16.25403960846706	14.820240248986467
0.0014662332237874364	0.03247239508083256	7.787789053214231	row_2682	708.0972	38.0	13.33	13.66404750212542	14.150479623725033	15.744558776392044	16.326188167287143	16.373134621067326
0.0014793120196260761	0.032671545847819006	-7.769575855530683	row_5142	681.4906	39.0	16.04	16.786659584666353	16.321986943504164	14.009902268299596	14.553395007707982	14.02815989812643
0.0014880626081798971	0.03277427149421013	7.757500822486818	row_355	129.0527	45.0	16.16	16.702831072383375	16.138479282677757	17.754719553416823	17.89284258738035	17.769697344952128
0.0014974012479757471	0.0328893488394673	7.744710800888101	row_6208	176.0368	171.0	15.66	15.623538976740033	15.3738640292344	16.275159590632086	16.429257537030114	16.4773557198647
0.0015080405219305123	0.03303228485708067	7.730259104016043	row_6855	207.9975	72.0	14.9	14.96338944251158	14.874315396984741	15.479258369272022	15.707771948829295	15.789496467802037
0.0015388639149763932	0.03353658859015518	-7.689092193439816	row_983	177.1112	540.0	14.66	15.340617747784982	13.477618200694879	10.173250226871595	10.276016163374546	10.390843550098106
0.0015394531597982427	0.03353658859015518	-7.688315166595349	row_5740	227.9427	507.0	15.66	14.617596829344295	15.873412661484059	11.346694335287072	12.234334188491058	11.370521878793413
0.0015461524613266226	0.03357404221334753	7.679506685817092	row_6838	194.0477	71.0	15.53	16.053160102190297	15.50639733983125	17.02004150293061	17.161050062205234	17.1756370818071
0.001552726853318446	0.03357404221334753	7.670908191190406	row_7728	270.063	106.0	12.66	12.207527101208678	10.87792633898747	16.234344143382852	15.882989877392353	16.341868291428113
0.0015537705589666775	0.03357404221334753	7.669547292523585	row_979	177.0595	275.0	16.89	16.702831072383375	16.59724843474377	17.560846178982963	17.439337360511267	17.415345609041058
0.0015644114235819013	0.033712855341070894	-7.6557367272163726	row_757	159.0492	70.0	19.06	19.626350438252235	19.237719776634826	17.85675817153991	17.61455528907432	17.9572953227874
0.0015708081974808255	0.033737938497429745	-7.64749024546177	row_2468	592.1295	44.0	15.99	17.121973633798266	16.83173044579973	13.193593323314914	11.739601213724782	12.58990873472268
0.0015740151419063532	0.033737938497429745	-7.643371579174341	row_2930	733.9334	40.0	16.81	16.042681538154923	16.403545903871454	12.428303687391775	13.048582209460557	13.736340821493785
0.0015792563454472782	0.033759771341847565	-7.6366626012258125	row_1432	233.0241	93.0	16.14	16.346559895180718	16.434130514009187	9.754891892566945	9.544223638199428	6.659728213152146
0.0016066107488565122	0.034141241145960864	7.602088866117797	row_7296	370.9827	97.0	13.86	14.324197036353873	14.150479623725033	15.213957962152001	15.377949965651778	15.164169875017798
0.0016067013334417474	0.034141241145960864	-7.60197558585328	row_3711	801.9143	39.0	17.15	16.430388407463695	16.73997661538653	14.94865755503198	15.223345911037315	14.934883457663577
0.0016099121841184798	0.034141241145960864	-7.59796535785885	row_7083	488.0367	92.0	13.77	14.785253853910252	14.578664165653311	11.407917506160924	11.883898331364945	11.10996913179998
0.0016167597818763778	0.03419575252936942	-7.589445897810223	row_5083	407.1514	43.0	17.16	17.080059377656777	17.270109857773924	16.356790485130556	16.522019969798794	16.20638086299153
0.0016436198019202882	0.034672138037869935	-7.5564534196522315	row_5922	349.8556	527.0	13.87	13.779311706514516	13.946582222806803	13.36705897412416	13.326869507766586	13.173546887987971
0.0016500498905194785	0.03467761066588072	7.548654031744534	row_4457	917.8369	43.0	18.31	17.98121588469879	18.187648161905948	18.907755938207686	19.016298717578774	18.895285211963756
0.0016564019169054926	0.03467761066588072	7.540986119821931	row_1984	347.0807	174.0	12.06	10.447128343266138	10.164285435773673	15.622112434644343	15.625316453034916	15.185014094777273
0.0016568914664623435	0.03467761066588072	7.540396663754767	row_2222	433.241	374.0	16.53	16.503738355711302	16.576858694651946	17.03024536474292	17.130129251282344	17.30070240036395
0.001663179054166261	0.03471831994271347	-7.532844994466865	row_6620	657.1193	296.0	12.26	13.129640736321436	12.998459308537043	9.85693051069003	10.25540228942595	9.244411463327
0.0016746451941756512	0.034856244592156825	-7.5191640601669	row_6471	175.9888	199.0	14.73	15.686410360952268	15.791853701116768	11.060986204542434	12.19310644059387	11.995848471577652
0.0016813256269961453	0.034856244592156825	7.511246489236497	row_1012	180.1011	66.0	15.92	16.49325979167593	15.567566560106716	18.04042768416146	18.573100427683983	18.467978706894527
0.0016842568269082583	0.034856244592156825	-7.507784725258848	row_3419	774.9053	41.0	18.57	18.49466552243203	18.320181472502796	17.142487844678314	16.40864366308152	16.779596906377083
0.001687225347988079	0.034856244592156825	7.504286463351553	row_6320	428.148	41.0	15.96	16.15794574254402	16.01614084212682	16.581275445001342	16.625089339541766	16.769174796497346
0.001701117708983717	0.035052670317847465	7.488015450579066	row_2572	681.5126	39.0	9.97	11.01297080117624	10.164285435773673	14.183367919108841	13.563929058175429	14.95572767742305
0.001707547015060095	0.03505280465877875	-7.480540791165388	row_6987	319.093	64.0	15.68	13.716440322302281	15.068017927857058	10.520181528490083	9.595758323070916	10.015647594427563
0.0017098929101843291	0.03505280465877875	7.4778221260120885	row_5016	170.0367	164.0	15.22	15.110089339006793	15.118992278086615	15.42823906021048	15.429484650523266	15.403878402251756
0.0017179497851914853	0.035055597795519304	-7.468519963045058	row_1814	303.0645	539.0	16.6	16.252252818862367	16.230233113090957	14.295610399044234	13.39901806658667	14.267868425360387
0.0017187985410686136	0.035055597795519304	-7.467543160351567	row_4515	936.8553	41.0	20.08	20.003578743525637	19.829022239297686	19.264891101638483	19.294586015884803	19.072461079919293
0.0017280552000865812	0.03515471074985297	7.456928541151215	row_1908	330.0407	110.0	14.62	15.298703491643492	15.098602537994793	16.509848412315183	16.76938645718193	16.571154708782338
0.0017379384506793396	0.03526603531264295	-7.445672669987423	row_2446	573.2028	158.0	16.82	16.524695483782047	16.515689474376476	14.111940886422682	13.419631940535265	12.652441394001105
0.0017667902746343086	0.03571642360689466	7.413260957102037	row_305	124.0411	140.0	16.2	17.080059377656777	16.841925315845643	18.591436222026122	18.727704482298446	18.780642003286648
0.00176906863643906	0.03571642360689466	7.410729364348497	row_7163	650.9291	43.0	16.73	17.059102249586033	16.546274084514213	17.917981342413757	17.861921776457457	17.98856165242661
0.001787790870462618	0.03600349624521066	-7.390077579019001	row_6342	636.1261	297.0	12.31	13.884097346868238	13.875218132485424	9.295718111013061	8.00849002902911	8.295999464270905
0.0017927117697302695	0.03601188592711936	7.384693823590488	row_1764	295.1271	110.0	14.39	11.547377566980225	12.804756777664727	18.81592118189691	19.294586015884803	19.687365562823793
0.001798754409367561	0.03601367986201748	-7.378107732147988	row_3353	769.8916	39.0	16.64	16.786659584666353	16.760366355478354	15.744558776392044	15.233652848011612	15.633164819605977
0.0018018101244286417	0.03601367986201748	7.3747875925793	row_7914	600.0923	450.0	9.97	10.447128343266138	8.533106228427846	13.907863650176512	13.831909419507163	13.965627238848006
0.0018102227094989065	0.03609159741257795	7.365682840161231	row_5229	731.2702	39.0	12.08	11.683598899440065	12.172674834818219	15.30579271846278	14.687385188373849	14.132380996923803
0.001818713733006917	0.036170687301965924	-7.356546033208905	row_1994	349.0871	380.0	18.0	17.279152094328847	17.61673543933491	16.040470768948992	15.769613570675082	15.560210050447816
0.0018396288875922027	0.036340028968267546	-7.3342631059795345	row_7722	220.0088	95.0	12.06	12.972462275790853	13.171772099317536	10.173250226871595	10.276016163374546	10.192823462383096
0.0018434107258560007	0.036340028968267546	7.330267347238805	row_7049	415.2066	90.0	13.87	16.105552922367156	15.210746108499817	19.71386102138006	20.47988376792901	20.083405738253813
0.0018444884587161309	0.036340028968267546	-7.329130505357491	row_7685	291.061	278.0	14.31	14.334675600389245	13.997556573036361	10.173250226871595	11.605611033058915	10.203245572262833
0.0018454098512966385	0.036340028968267546	-7.328159228586298	row_5968	402.2171	89.0	15.57	15.61306041270466	15.455422989601692	15.122123205841225	14.945058612731286	14.966149787302788
0.0018706270031800497	0.03674610046787346	-7.301806967279	row_1985	347.0928	379.0	21.55	20.988563762850628	21.297083525908928	19.938345981250844	19.696556557882403	19.437234925710097
0.001881816515474635	0.03687530157161693	-7.29025390270955	row_72	99.08962	56.0	18.81	19.311993517191066	18.993042895532948	17.86696203335222	17.882535650406055	18.009405872186086
0.001887856488023303	0.036903209344123	7.284052882000623	row_5595	181.1214	93.0	15.18	14.81668954601637	14.802951306663362	15.826189670890512	15.831455192520865	15.841607017200722
0.0018966307263955213	0.03693482598846655	7.275088197005137	row_393	131.0331	68.0	16.41	16.76570245659561	16.536079214468298	17.3669728045491	17.583634478151428	17.623787806635804
0.00190140612550546	0.03693482598846655	7.270230637623612	row_6763	133.561	40.0	16.51	16.891445225020078	16.801145835662	17.71390410616759	18.057753578969113	18.103204861103723
0.0019078255409089415	0.03693482598846655	7.263724458509965	row_7414	171.0445	67.0	14.86	15.372053439891099	15.628735780382186	17.02004150293061	16.954911322719283	16.883818005174454
0.0019079528621934565	0.03693482598846655	7.263595689834156	row_7591	348.0698	551.0	13.61	13.632611810019304	12.947484958307484	15.162938653090459	15.687158074880701	15.7790743579223
0.0019334200142143644	0.03726045903085381	7.238050218001767	row_3987	830.7832	50.0	18.99	19.08146510841288	19.094991595992063	19.336318134324642	19.325506826807697	19.40596859607089
0.0019370450715767333	0.03726045903085381	7.234447796282577	row_4979	128.0176	329.0	14.23	13.47543334948872	14.242233454138235	15.775170361828971	15.862376003443758	16.00836077527652
0.0019387555918493038	0.03726045903085381	7.232750845791654	row_6262	246.1198	38.0	18.33	18.49466552243203	18.7687557545229	19.591414679632354	19.717170431830997	19.46850125534931
0.0019461418008141684	0.03731271869906301	7.225444396953509	row_7818	172.048	85.0	9.97	10.447128343266138	9.307916351917115	13.713990275742649	14.429711764016414	13.006793129912174
0.0019545062712027616	0.03738343932599541	-7.217211472001064	row_1511	245.8762	527.0	13.84	14.093668627575683	13.98736170299045	13.438486006810319	13.326869507766586	13.28819009666508
0.0019662093095139193	0.03751752608487777	7.205765197449584	row_2624	696.8451	42.0	17.46	17.541116195213153	17.494396998783973	17.999612236912228	18.23297150753217	18.301224948818728
0.0019793456067539483	0.03767825744285194	-7.19301686764087	row_5946	366.1834	43.0	14.18	15.455881952174076	15.7306844808413	10.632424008425478	10.677986705372145	9.161034584289101
0.0020305511237752394	0.03856117870447278	7.144302575246827	row_440	135.0023	89.0	19.75	20.055971563702496	19.706683798746745	20.785266511672454	21.160141608232642	20.906752418753058
0.002042598228575215	0.03869803989919157	-7.133061636865967	row_4210	858.8321	40.0	17.49	17.03814512151529	17.382253428278947	16.26495572881978	16.357108978210032	16.185536643232055
0.002058713878657868	0.038911152387398715	7.118151690752731	row_7139	616.8547	44.0	16.53	16.650438252206513	16.59724843474377	16.928206746619832	17.057980692462262	17.0922602027692
0.0020863619570317946	0.03933954583648882	-7.092904640600384	row_7499	372.0189	94.0	14.02	13.632611810019304	13.080018268904334	10.80588965923472	10.976887877626773	11.526853526989473
0.0020912203853042837	0.03933954583648882	7.088510775841425	row_7816	150.0487	65.0	9.97	10.447128343266138	11.95858256385408	15.142530929465842	14.955365549705583	15.539365830688341
0.002100109230627399	0.03941402182832407	7.080504392850354	row_6864	213.0066	177.0	13.6	13.967925859151217	14.048530923265917	14.928249831407364	15.079048793397153	15.289235193574646
0.0021443982438948106	0.040150969461215484	7.04122614263892	row_7128	598.1143	445.0	12.69	10.761485264327305	11.265331400732105	15.489462231084332	16.202504923595573	16.143848203713105
0.0021612832513962484	0.040372569146993005	7.0265141439484875	row_7746	202.2153	199.0	13.95	13.590697553877815	13.559177161062172	14.764988042410428	15.24395978498591	15.028682446581213
0.002206860676758199	0.041033963783343	-6.9874999372941256	row_5902	332.8498	527.0	13.77	13.831704526691377	13.824243782255866	13.49970917768417	13.337176444740884	13.319456426304292
0.002206954900167291	0.041033963783343	-6.987420314375264	row_6937	273.1054	68.0	14.99	14.722382469698019	14.894705137076564	12.020149214899435	10.729521390243633	12.16260222965345
0.002246581166425823	0.04167382001293377	-6.954301149485297	row_1118	191.0477	102.0	16.45	16.786659584666353	16.872509925983376	12.12218783302252	13.574235995149726	11.547697746748948
0.0022629156765004354	0.04171265551911074	-6.940858007864661	row_4582	959.0997	42.0	17.48	16.461824099569814	16.852120185891554	14.938453693219673	14.656464377450957	14.52842117235382
0.002264138722369307	0.04171265551911074	-6.939856271225011	row_1467	237.0899	55.0	18.92	19.437736285615536	19.105186466037974	18.050631545973772	18.119595200814896	17.926028993148186
0.002264597149464619	0.04171265551911074	6.93948096809346	row_6559	289.5668	446.0	13.74	13.559261861771699	14.853925656892919	18.071039269598387	17.14043618825664	17.290280290484212
0.0022695441089197214	0.04171265551911074	6.935436963615542	row_7811	138.0421	58.0	13.5	11.79886310382916	11.38766984128304	16.632294754062887	16.707544835336147	16.998461213851563
0.002291376995840455	0.04201733734345055	-6.917718138674651	row_7178	673.422	44.0	16.38	16.1265100504379	16.332181813550072	14.26499881360731	13.03827527248626	13.100592118829809
0.0023199927279570925	0.04244471821514177	6.894807314108616	row_7876	317.1101	111.0	11.3	12.909590891578619	10.990069909492496	15.76496650001666	16.17158411267268	16.644109477940496
0.002360806828737394	0.04309280957935037	6.862726058059798	row_4339	882.8567	40.0	17.55	17.237237838187358	17.280304727819832	18.030223822349154	18.06806051594341	18.176159630261886
0.002378134363455802	0.043310214660203045	6.849312140560388	row_5760	234.9729	458.0	13.06	13.066769352109203	12.957679828353397	14.867026660533513	14.141117528736086	14.45546640319566
0.0024073706149385864	0.04355486914760342	6.826950151635444	row_3742	804.8405	44.0	21.09	21.019999454956743	21.03201690471523	21.49953683853405	21.76825088971619	21.57376745105625
0.0024083589487746324	0.04355486914760342	6.826200059932036	row_1914	331.108	136.0	17.8	17.342023478541083	17.42303290846259	18.785309596459985	18.841080789015717	18.509667146413477
0.0024100875112354893	0.04355486914760342	6.824889086610695	row_5062	288.9211	47.0	17.83	18.138394345229372	18.228427642089592	18.897552076395378	19.00599178060448	19.134993739197714
0.002413359228566393	0.04355486914760342	-6.822410926479286	row_1346	219.082	53.0	24.4	25.03328948050432	24.23320609913141	22.683184808761837	22.149607557765194	21.876008637568628
0.0024266178887627416	0.04369551806454531	-6.812410393267356	row_7696	437.1309	320.0	13.73	14.08319006354031	14.894705137076564	10.173250226871595	11.255175175932802	11.203768120717617
0.002436275873647845	0.043770844066998923	-6.805168023865979	row_5348	116.0174	98.0	15.04	14.858603802157857	14.986458967489765	14.346629708105779	14.16173140268468	13.98647145860748
0.002453620215445713	0.04382792023354769	6.79225019321251	row_7579	258.0743	72.0	11.75	12.762890995083406	12.794561907618816	15.5710931255828	15.32641528078029	14.79939602922699
0.002457614836058511	0.04382792023354769	-6.789290994502272	row_7092	501.1777	57.0	19.03	19.23864356894346	18.952263415349304	18.173077887721472	18.336040877275142	17.978139542546874
0.0024598557035862166	0.04382792023354769	-6.7876335632445635	row_3914	822.9425	39.0	16.82	16.57708830395891	16.729781745340617	15.183346376715077	14.16173140268468	14.52842117235382
0.00246138038584902	0.04382792023354769	6.786506913427233	row_7848	256.0808	56.0	13.76	13.747876014408398	11.499813411788065	18.009816098724535	18.140209074763494	18.197003850021357
0.0024955795813095464	0.04433813056126628	6.7614594572521876	row_7899	443.1035	455.0	9.38	10.447128343266138	9.501618882789431	14.581318529788872	13.089809957357746	13.309034316424555
0.002512329257697578	0.044536745931911606	-6.7493458368480095	row_6577	356.0921	358.0	14.27	12.836240943331013	14.548079555515576	10.173250226871595	10.276016163374546	10.390843550098106
0.00251885735069648	0.04455368256375743	6.74465154461954	row_7845	248.1057	37.0	9.97	14.062232935469567	11.469228801650331	19.724064883192366	20.07791322593141	19.97918463945644
0.0025300346087672536	0.04465259756532935	6.736648786008837	row_7901	456.1242	450.0	10.27	10.447128343266138	8.99187538049386	14.95886141684429	13.88344410437865	13.538320733778777
0.0025704898597287253	0.04526666614213912	-6.708043508458654	row_7082	486.9999	536.0	14.49	13.967925859151217	14.089310403449563	13.081350843379521	12.924898965768987	12.714974053279526
0.00259247001508589	0.04553458093720192	-6.692733239293704	row_2399	516.1674	242.0	16.58	16.252252818862367	16.26081772322869	14.05071771554883	12.636304730488659	12.610752954482153
0.0025975559713891107	0.04553458093720192	6.6892133934506814	row_7909	563.9464	98.0	12.68	12.78384812315415	12.590664506700586	14.224183366358075	14.615236629553767	13.840561920291158
0.002602789679587402	0.04553458093720192	6.685600145731814	row_7173	669.8693	43.0	17.72	17.80308029609746	17.75946361997767	18.091446993223006	18.171129885686383	18.019827982065824
0.002616365953687418	0.04564447445032533	6.67626892979911	row_1255	205.1224	280.0	12.53	13.276340632816648	12.896510608077929	14.724172595161193	15.182118163140126	15.643586929485714
0.002621090083590507	0.04564447445032533	-6.673035930588913	row_5104	524.1397	43.0	16.21	17.153409325904384	16.587053564697857	13.418078283185702	12.378631306131224	11.433054538071838
0.0026261986550531148	0.04564447445032533	6.669547903854383	row_7896	426.3562	550.0	9.43	9.776500245002314	10.164285435773673	13.060943119754905	14.460632574939305	15.226702534296221
0.002638616510844781	0.04576082213493281	6.661103987527221	row_7970	458.12199999999996	375.0	9.54	10.447128343266138	8.971485640402038	12.795642712634882	14.027741222018813	14.038582008006168
0.0026568413881959668	0.0459771577892354	6.64879964233134	row_7026	372.3093	127.0	13.72	13.182033556498297	13.752879691934487	15.101715482216608	15.429484650523266	15.862451236960199
0.0026749637811651263	0.046190789266555475	-6.636667147357867	row_3787	808.9241	40.0	18.54	18.63088685489187	18.42213017296191	16.836371990309058	16.326188167287143	17.206903411446312
0.0026814714046050946	0.04620337043064166	-6.632335135708276	row_2261	451.0751	94.0	16.86	17.47824481100092	17.41283803841668	11.969129905837892	10.276016163374546	13.038059459551384
0.0027043278469455322	0.046455275745658525	6.617221992516484	row_3418	774.8244	41.0	17.46	17.47824481100092	17.494396998783973	17.78533113885375	17.800080154611674	17.9572953227874
0.0027105922614684133	0.046455275745658525	6.613107284397584	row_7127	597.1097	445.0	13.89	12.029391512607349	12.611054246792408	16.33638276150594	16.8930697008735	16.66495369769997
0.002715360812336333	0.046455275745658525	-6.6099829596567545	row_7689	318.2995	82.0	13.41	14.020318679328078	13.477618200694879	10.632424008425478	11.718987339776186	10.76603950576865
0.0027242516549074195	0.046455275745658525	6.60417573957651	row_6269	274.9714	115.0	15.61	16.241774254826996	16.01614084212682	17.29554577186294	17.697010784868702	17.331968730003158
0.0027251437554363786	0.046455275745658525	6.603594336137475	row_4399	901.8943	40.0	19.61	19.52156479789851	19.462006917644874	20.060792322998548	19.96453691921414	19.8853856505388
0.0027519781948342685	0.046812905675957396	6.58621445566672	row_4291	870.7752	43.0	18.61	18.714715367174847	18.605637833788315	19.122037036266164	19.325506826807697	19.437234925710097
0.0027786554343471733	0.047166348614873996	-6.569142025930778	row_1935	335.0087	117.0	14.48	15.65497466884615	15.66951526056583	12.74462340357334	12.656918604437253	12.579486624842943
0.002796820082596851	0.04737410288212251	-6.557632416645802	row_3659	796.8969	40.0	16.97	16.430388407463695	16.719586875294706	15.530277678333567	14.986286360628474	15.059948776220423
0.002894215016127739	0.04892018827471727	6.49745173569248	row_2007	353.0898	184.0	13.52	11.966520128395116	12.274623535277332	15.836393532702822	15.97575231016103	15.539365830688341
0.0029280759250972527	0.04938811607838088	6.477110485594641	row_6867	220.0421	440.0	12.85	11.788384539793787	13.253331059684829	17.040449226555225	15.986059247135326	15.914561786358885
0.002934302870783081	0.049388950425075226	6.473401290149856	row_1852	313.103	162.0	15.88	15.19391785128977	15.43503324950987	16.87718743755829	16.996139070616476	16.758752686617605
